url_path,views_total,views_unique
/go-gorm/sqlite,347,237
/go-gorm/sqlite/blob/master/sqlite.go,50,35
/go-gorm/sqlite/issues,24,15
/go-gorm/sqlite/tags,19,13
/go-gorm/sqlite/pull/109,18,16
/go-gorm/sqlite/blob/master/sqlite_test.go,18,10
/go-gorm/sqlite/blob/master/go.mod,17,13
/go-gorm/sqlite/blob/master/ddlmod.go,12,11
/go-gorm/sqlite/issues/67,8,7
/go-gorm/sqlite/blob/master/migrator.go,8,5
